0 0.104826 0.706177 0.208673 0.389645
0 0.932020 0.742773 0.135532 0.323310
0 0.547663 0.685141 0.244183 0.441777
0 0.706568 0.732491 0.202350 0.344278
0 0.390638 0.690839 0.145822 0.432243
0 0.254923 0.714359 0.190747 0.382172
0 0.776786 0.600539 0.226659 0.458539
0 0.894848 0.325286 0.201967 0.550673
0 0.862208 0.545698 0.134985 0.376188
0 0.619220 0.307711 0.207157 0.445686
0 0.431273 0.438353 0.191472 0.484079
0 0.122930 0.327380 0.160907 0.427594
0 0.275586 0.361365 0.172642 0.318019
0 0.177899 0.531245 0.160815 0.293343
0 0.325562 0.545070 0.097395 0.277396
0 0.068538 0.408815 0.136356 0.277738
0 0.969897 0.215901 0.059341 0.293383
0 0.712645 0.235070 0.151997 0.302142
0 0.043122 0.097516 0.084985 0.195032
0 0.204579 0.158968 0.154725 0.317936
0 0.069119 0.309595 0.137467 0.465156
0 0.375729 0.195445 0.193991 0.390891
0 0.064756 0.236475 0.129231 0.321609