4 0.079028 0.796890 0.157195 0.216190
4 0.378553 0.841057 0.225094 0.231851
4 0.105988 0.557677 0.176249 0.174419
4 0.797686 0.692478 0.185921 0.206724
4 0.867117 0.446013 0.120396 0.115921
4 0.311345 0.568316 0.160099 0.148782
4 0.479883 0.675179 0.186904 0.176055
4 0.618552 0.522247 0.144296 0.160070
4 0.683086 0.930290 0.261910 0.139419
4 0.305550 0.406346 0.111246 0.103522
4 0.827725 0.567516 0.155015 0.136394
4 0.442140 0.455582 0.118628 0.118037
4 0.181541 0.288386 0.072651 0.076375
4 0.073001 0.284838 0.085060 0.074923
4 0.682754 0.442317 0.117590 0.111929
4 0.215559 0.484382 0.126159 0.112907
4 0.499086 0.381978 0.102885 0.094720
4 0.381915 0.356227 0.087991 0.087959
4 0.562097 0.350571 0.085163 0.088847
4 0.173273 0.150297 0.039938 0.039517
4 0.742818 0.264932 0.073488 0.086990
4 0.717165 0.339958 0.086943 0.092416
4 0.376763 0.167187 0.045904 0.043143
4 0.695615 0.372934 0.099348 0.089648
4 0.334198 0.129502 0.035956 0.038262
4 0.335936 0.195728 0.052002 0.049715
4 0.301417 0.227592 0.057736 0.057483
4 0.424756 0.322910 0.076412 0.083087
4 0.496148 0.268892 0.061737 0.071105
4 0.538027 0.207963 0.054050 0.057213
4 0.400264 0.127994 0.037809 0.041911
4 0.222545 0.113241 0.027893 0.032673
4 0.450000 0.291184 0.068892 0.073861
4 0.763940 0.231649 0.064698 0.079436
4 0.613155 0.246202 0.073661 0.092058
4 0.199164 0.072292 0.023200 0.025629
4 0.553636 0.183822 0.052565 0.057912
4 0.501759 0.239327 0.063394 0.066809
5 0.892445 0.305003 0.138048 0.229554
5 0.864142 0.137726 0.093210 0.154959
5 0.726968 0.100304 0.063866 0.113737
5 0.234206 0.244717 0.084660 0.096385
5 0.671138 0.054937 0.053037 0.080667